0 0.724479 0.556481 0.054167 0.127778
0 0.782813 0.402315 0.067708 0.130556
0 0.865104 0.654630 0.102083 0.151852
0 0.942187 0.472685 0.102083 0.165741
0 0.804427 0.211574 0.097396 0.123148
0 0.733333 0.080093 0.092708 0.139815
0 0.479427 0.952315 0.110937 0.095370
0 0.300260 0.936111 0.109896 0.127778
0 0.368750 0.734722 0.098958 0.152778
0 0.542448 0.760185 0.101562 0.159259
0 0.604427 0.560648 0.100521 0.149074
0 0.472656 0.419444 0.104688 0.151852
0 0.643229 0.316204 0.111458 0.139815
0 0.569531 0.155093 0.094271 0.160185
0 0.409635 0.251852 0.099479 0.172222
0 0.243229 0.354630 0.098958 0.161111
0 0.302865 0.520370 0.115104 0.133333
0 0.126562 0.625926 0.105208 0.150000
0 0.077083 0.458796 0.109375 0.163889
0 0.330990 0.137037 0.079687 0.096296
