0 0.514323 0.858333 0.113021 0.161111
0 0.667708 0.941667 0.110417 0.116667
0 0.777865 0.795370 0.108854 0.142593
0 0.627344 0.702315 0.110937 0.154630
0 0.762760 0.604167 0.107813 0.134259
0 0.944271 0.574074 0.110417 0.146296
0 0.891927 0.427778 0.100521 0.124074
0 0.716406 0.468519 0.102604 0.127778
0 0.551302 0.493981 0.099479 0.123148
0 0.390365 0.431019 0.107813 0.108333
0 0.238021 0.376852 0.094792 0.107407
0 0.322656 0.275463 0.090104 0.117593
0 0.477083 0.325463 0.093750 0.115741
0 0.669792 0.338426 0.098958 0.117593
0 0.838281 0.296759 0.101562 0.121296
0 0.952604 0.283796 0.050000 0.119444
0 0.787760 0.187963 0.090104 0.118519
0 0.627083 0.221759 0.088542 0.106481
0 0.586198 0.108333 0.076563 0.114815
0 0.740885 0.076389 0.079687 0.108333
