0 0.341667 0.661574 0.106250 0.149074
0 0.347656 0.465741 0.102604 0.161111
0 0.536198 0.517130 0.105729 0.162037
0 0.722135 0.563426 0.101562 0.162037
0 0.732292 0.748148 0.106250 0.151852
0 0.916667 0.795370 0.107292 0.151852
0 0.903906 0.612037 0.102604 0.175926
0 0.537240 0.704167 0.106771 0.145370
0 0.531510 0.889352 0.107813 0.119444
0 0.742448 0.926389 0.079687 0.102778
0 0.230208 0.538889 0.066667 0.138889
0 0.627604 0.406481 0.082292 0.051852
0 0.739062 0.350463 0.088542 0.152778
0 0.841927 0.252778 0.082812 0.146296
0 0.876042 0.466667 0.092708 0.064815
0 0.965625 0.391204 0.068750 0.117593
