0 0.239063 0.318056 0.096875 0.143519
0 0.334635 0.509259 0.099479 0.157407
0 0.438021 0.708796 0.098958 0.156481
0 0.545052 0.924074 0.101562 0.150000
0 0.704167 0.827778 0.100000 0.175926
0 0.808854 0.977315 0.083333 0.045370
0 0.593490 0.615741 0.100521 0.175926
0 0.490365 0.417593 0.098437 0.166667
0 0.389323 0.221296 0.093229 0.161111
0 0.597656 0.328241 0.076563 0.100926
0 0.667969 0.481481 0.081771 0.127778
0 0.842708 0.545370 0.097917 0.172222
0 0.834375 0.775926 0.094792 0.170370
0 0.980990 0.812963 0.038021 0.137037
0 0.985938 0.593056 0.028125 0.160185
0 0.253385 0.637037 0.075521 0.142593
0 0.256510 0.829167 0.097396 0.113889
0 0.188802 0.961574 0.103646 0.076852
