0 0.149740 0.902315 0.102604 0.171296
0 0.235417 0.675926 0.098958 0.174074
0 0.577083 0.873148 0.094792 0.162963
0 0.838021 0.928241 0.107292 0.143519
0 0.403125 0.755093 0.109375 0.173148
0 0.478906 0.533796 0.105729 0.158333
0 0.647396 0.545833 0.100000 0.167593
0 0.739062 0.738889 0.102083 0.181481
0 0.319531 0.952315 0.101562 0.095370
0 0.101302 0.656944 0.084896 0.139815
0 0.066667 0.477315 0.093750 0.149074
0 0.309896 0.458796 0.103125 0.176852
0 0.382812 0.255556 0.096875 0.166667
0 0.539844 0.322685 0.096354 0.160185
0 0.605469 0.124074 0.090104 0.144444
0 0.444271 0.069907 0.082292 0.128704
0 0.808073 0.447685 0.091146 0.150926
0 0.746615 0.262037 0.085938 0.146296
