0 0.155990 0.762037 0.101562 0.146296
0 0.059896 0.606944 0.107292 0.150926
0 0.211198 0.454167 0.100521 0.160185
0 0.309896 0.606944 0.107292 0.137963
0 0.459115 0.452778 0.106771 0.135185
0 0.422396 0.797685 0.102083 0.152778
0 0.407292 0.977315 0.092708 0.045370
0 0.595833 0.962963 0.106250 0.074074
0 0.607292 0.776389 0.104167 0.162037
0 0.618229 0.552315 0.097917 0.152778
0 0.605990 0.310648 0.101562 0.154630
0 0.501563 0.176389 0.087500 0.158333
0 0.357552 0.303704 0.088021 0.142593
0 0.745313 0.156019 0.088542 0.134259
0 0.642188 0.073148 0.087500 0.133333
0 0.870313 0.580556 0.098958 0.162963
0 0.896875 0.381019 0.089583 0.156481
0 0.739583 0.364352 0.044792 0.089815
0 0.213021 0.228241 0.078125 0.134259
