0 0.358073 0.281019 0.097396 0.160185
0 0.231771 0.414815 0.100000 0.155556
0 0.369531 0.581944 0.102604 0.163889
0 0.489063 0.444444 0.104167 0.164815
0 0.509635 0.751389 0.108854 0.165741
0 0.652344 0.928241 0.116146 0.143519
0 0.778385 0.796296 0.107813 0.175926
0 0.632812 0.617130 0.108333 0.175000
0 0.925260 0.940741 0.108854 0.118519
0 0.871875 0.699074 0.101042 0.138889
0 0.978125 0.478241 0.043750 0.152778
0 0.830990 0.483333 0.101562 0.166667
0 0.661198 0.454630 0.084896 0.111111
0 0.294271 0.725926 0.089583 0.135185
0 0.324479 0.929167 0.093750 0.099074
0 0.492969 0.945370 0.063021 0.109259
