0 0.255208 0.635648 0.073958 0.128704
0 0.254688 0.832407 0.093750 0.096296
0 0.191146 0.960185 0.094792 0.079630
0 0.441667 0.711111 0.104167 0.159259
0 0.336719 0.507407 0.099479 0.151852
0 0.236719 0.317593 0.095312 0.146296
0 0.390885 0.218981 0.095312 0.149074
0 0.487240 0.415278 0.091146 0.160185
0 0.595573 0.612963 0.098437 0.162963
0 0.701823 0.817593 0.098437 0.159259
0 0.547656 0.927778 0.088021 0.144444
0 0.830469 0.769444 0.101562 0.159259
0 0.980990 0.811111 0.038021 0.140741
0 0.666146 0.479630 0.083333 0.125926
0 0.843490 0.546759 0.097396 0.169444
0 0.986719 0.581481 0.026562 0.125926
