0 0.075260 0.775926 0.102604 0.159259
0 0.203125 0.909259 0.094792 0.138889
0 0.371094 0.845833 0.103646 0.160185
0 0.558854 0.834722 0.105208 0.186111
0 0.530990 0.587037 0.100521 0.166667
0 0.348438 0.605556 0.098958 0.153704
0 0.325521 0.386574 0.094792 0.154630
0 0.503906 0.361574 0.100521 0.149074
0 0.474740 0.152778 0.096354 0.146296
0 0.300521 0.169907 0.088542 0.134259
0 0.732031 0.846759 0.097396 0.147222
0 0.903385 0.949537 0.091146 0.100926
0 0.969792 0.760648 0.060417 0.156481
0 0.817969 0.642130 0.106771 0.163889
0 0.670052 0.516667 0.078646 0.170370
0 0.699219 0.366204 0.089063 0.126852
0 0.196615 0.653241 0.077604 0.119444
