0 0.056771 0.650926 0.102083 0.155556
0 0.146615 0.813426 0.093229 0.145370
0 0.273438 0.973148 0.101042 0.053704
0 0.303385 0.789815 0.102604 0.170370
0 0.322135 0.548611 0.099479 0.163889
0 0.340365 0.329167 0.093229 0.154630
0 0.520573 0.340741 0.096354 0.150000
0 0.505990 0.566667 0.103646 0.153704
0 0.489323 0.809722 0.101562 0.152778
0 0.668229 0.863889 0.098958 0.164815
0 0.808854 0.976852 0.084375 0.046296
0 0.933594 0.843981 0.108854 0.158333
0 0.790104 0.690741 0.103125 0.175926
0 0.661458 0.533333 0.089583 0.164815
0 0.755990 0.393981 0.093229 0.137963
0 0.655990 0.234259 0.055729 0.137037
0 0.529427 0.135648 0.085938 0.128704
0 0.357812 0.123148 0.088542 0.140741
0 0.184635 0.558796 0.053646 0.113889
