0 0.471094 0.838889 0.101562 0.157407
0 0.600000 0.943981 0.108333 0.112037
0 0.614062 0.706481 0.106250 0.153704
0 0.739844 0.819907 0.102604 0.137963
0 0.720573 0.627778 0.101562 0.131481
0 0.906771 0.628704 0.109375 0.133333
0 0.888542 0.477315 0.106250 0.123148
0 0.704688 0.484722 0.105208 0.125000
0 0.691927 0.351852 0.096354 0.122222
0 0.864323 0.339815 0.095312 0.129630
0 0.842448 0.213889 0.090104 0.109259
0 0.826302 0.104167 0.077604 0.104630
0 0.667188 0.115278 0.080208 0.100926
0 0.676823 0.225926 0.085938 0.107407
0 0.520573 0.309259 0.096354 0.129630
0 0.411979 0.401852 0.096875 0.125926
0 0.548177 0.487037 0.084896 0.127778
0 0.273438 0.317593 0.095833 0.118519
0 0.388021 0.237963 0.082292 0.133333
