0 0.264323 0.704630 0.107813 0.140741
0 0.413542 0.567130 0.102083 0.152778
0 0.489583 0.747685 0.105208 0.134259
0 0.585417 0.534259 0.098958 0.153704
0 0.669271 0.711111 0.103125 0.140741
0 0.750260 0.505556 0.105729 0.146296
0 0.836979 0.662500 0.103125 0.126852
0 0.911979 0.468519 0.091667 0.131481
0 0.975521 0.624074 0.048958 0.114815
0 0.873698 0.835648 0.076563 0.115741
0 0.697396 0.897222 0.107292 0.133333
0 0.644531 0.320370 0.097396 0.148148
0 0.682552 0.193981 0.084896 0.147222
0 0.842708 0.263426 0.092708 0.125000
0 0.809896 0.363426 0.085417 0.067593
0 0.314323 0.568056 0.044271 0.104630
