0 0.683333 0.598611 0.100000 0.158333
0 0.858854 0.712037 0.098958 0.162963
0 0.619010 0.762500 0.103646 0.136111
0 0.800000 0.891667 0.096875 0.150000
0 0.438802 0.655093 0.103646 0.154630
0 0.507552 0.481019 0.100521 0.156481
0 0.334896 0.369907 0.100000 0.158333
0 0.261719 0.549074 0.102604 0.162963
0 0.800781 0.409722 0.089063 0.162037
0 0.891146 0.585185 0.095833 0.098148
0 0.943229 0.357870 0.095833 0.158333
0 0.651563 0.436111 0.090625 0.083333
0 0.396615 0.824537 0.101562 0.132407
0 0.619010 0.948148 0.093229 0.096296
0 0.453125 0.977778 0.091667 0.044444
