0 0.057552 0.678704 0.100521 0.161111
0 0.155469 0.836574 0.091146 0.152778
0 0.184115 0.576389 0.063021 0.104630
0 0.319531 0.803704 0.108854 0.164815
0 0.507552 0.816667 0.095312 0.162963
0 0.511198 0.573611 0.096354 0.158333
0 0.327865 0.563426 0.102604 0.162037
0 0.336198 0.342130 0.092188 0.158333
0 0.340104 0.132870 0.089583 0.141667
0 0.515365 0.137037 0.091146 0.137037
0 0.514323 0.351389 0.099479 0.165741
0 0.667708 0.529630 0.082292 0.162963
0 0.683333 0.865741 0.093750 0.150000
0 0.798698 0.676852 0.101562 0.166667
0 0.946875 0.830093 0.104167 0.167593
0 0.831250 0.974074 0.085417 0.051852
0 0.739583 0.381481 0.086458 0.129630
0 0.650000 0.225463 0.042708 0.106481
