0 0.233073 0.351852 0.098437 0.157407
0 0.374740 0.238889 0.095312 0.159259
0 0.344010 0.539352 0.100521 0.180556
0 0.267448 0.663889 0.077604 0.135185
0 0.278125 0.862500 0.102083 0.100926
0 0.578646 0.926852 0.106250 0.146296
0 0.460677 0.729630 0.100521 0.174074
0 0.488021 0.422222 0.103125 0.164815
0 0.607552 0.613889 0.104688 0.172222
0 0.727083 0.818519 0.098958 0.185185
0 0.852865 0.967130 0.095312 0.065741
0 0.841146 0.525463 0.101042 0.178704
0 0.847135 0.752778 0.099479 0.159259
0 0.664323 0.478704 0.086979 0.135185
0 0.576562 0.325926 0.073958 0.101852
0 0.222917 0.979167 0.083333 0.041667
