0 0.322656 0.440278 0.105729 0.167593
0 0.494531 0.381019 0.100521 0.158333
0 0.670573 0.507407 0.078646 0.164815
0 0.834375 0.607407 0.104167 0.168519
0 0.979948 0.697685 0.040104 0.169444
0 0.951302 0.912500 0.093229 0.145370
0 0.779427 0.826852 0.104688 0.164815
0 0.619531 0.838426 0.102604 0.178704
0 0.558073 0.601389 0.098437 0.162037
0 0.435417 0.175463 0.091667 0.147222
0 0.268490 0.232407 0.090104 0.140741
0 0.380469 0.654630 0.101562 0.161111
0 0.438542 0.893056 0.100000 0.165741
0 0.662240 0.351852 0.083854 0.111111
0 0.221354 0.546296 0.045833 0.127778
0 0.209115 0.725000 0.083854 0.112963
0 0.110677 0.868056 0.099479 0.143519
0 0.266146 0.958333 0.107292 0.083333
