0 0.347656 0.456944 0.098437 0.154630
0 0.335938 0.653241 0.103125 0.147222
0 0.532552 0.700463 0.105729 0.143519
0 0.727604 0.743519 0.097917 0.144444
0 0.913802 0.793056 0.095312 0.137963
0 0.906510 0.615278 0.095312 0.152778
0 0.720052 0.562037 0.095312 0.151852
0 0.536198 0.514352 0.097396 0.156481
0 0.230469 0.530093 0.060937 0.126852
0 0.519271 0.889352 0.092708 0.130556
0 0.735677 0.925463 0.078646 0.102778
0 0.741406 0.355093 0.091146 0.154630
0 0.845313 0.258333 0.084375 0.144444
0 0.625521 0.409259 0.076042 0.046296
0 0.875781 0.473148 0.089063 0.062963
0 0.965625 0.397222 0.068750 0.111111
