0 0.330729 0.816204 0.103125 0.121296
0 0.347656 0.658333 0.094271 0.138889
0 0.498958 0.626852 0.105208 0.144444
0 0.511719 0.849074 0.082812 0.133333
0 0.643229 0.765741 0.095833 0.135185
0 0.774219 0.667130 0.104688 0.136111
0 0.629948 0.539352 0.106771 0.145370
0 0.751823 0.451852 0.099479 0.144444
0 0.889323 0.572685 0.104688 0.134259
0 0.866667 0.366204 0.093750 0.128704
0 0.963281 0.286111 0.073438 0.114815
0 0.977083 0.478704 0.045833 0.116667
0 0.564323 0.311574 0.091146 0.130556
0 0.702083 0.202778 0.088542 0.120370
0 0.538802 0.178704 0.080729 0.124074
0 0.821615 0.830093 0.105729 0.128704
0 0.726823 0.316204 0.080729 0.093519
