0 0.130469 0.668519 0.097396 0.144444
0 0.066667 0.503241 0.104167 0.150926
0 0.304948 0.550463 0.110937 0.143519
0 0.228385 0.379630 0.099479 0.157407
0 0.466927 0.431481 0.104688 0.148148
0 0.390104 0.264815 0.091667 0.166667
0 0.546354 0.156019 0.091667 0.162037
0 0.630208 0.310185 0.097917 0.127778
0 0.788021 0.192130 0.104167 0.132407
0 0.701042 0.068056 0.093750 0.125000
0 0.294010 0.171296 0.080729 0.120370
0 0.608854 0.554167 0.096875 0.141667
0 0.385156 0.764815 0.100521 0.166667
0 0.334635 0.951852 0.104688 0.096296
0 0.513542 0.954630 0.101042 0.090741
0 0.562240 0.770370 0.105729 0.157407
0 0.868490 0.627778 0.103646 0.159259
0 0.929948 0.443056 0.095312 0.171296
0 0.773958 0.391667 0.057292 0.114815
0 0.724479 0.543981 0.054167 0.123148
