0 0.254427 0.192593 0.072396 0.124074
0 0.059375 0.561574 0.101042 0.162037
0 0.137500 0.718981 0.106250 0.139815
0 0.303646 0.575463 0.108333 0.139815
0 0.217708 0.415741 0.097917 0.153704
0 0.373437 0.283796 0.094792 0.149074
0 0.464844 0.443056 0.103646 0.141667
0 0.615365 0.306019 0.103646 0.141667
0 0.522656 0.163426 0.083854 0.139815
0 0.667708 0.069444 0.083333 0.129630
0 0.767708 0.180093 0.093750 0.143519
0 0.614844 0.555556 0.096354 0.148148
0 0.586979 0.771296 0.093750 0.146296
0 0.399740 0.776389 0.093229 0.160185
0 0.367448 0.965278 0.095312 0.069444
0 0.557552 0.963889 0.105729 0.072222
0 0.869792 0.605556 0.105208 0.153704
0 0.911198 0.404630 0.095312 0.151852
