0 0.238542 0.595370 0.094792 0.125926
0 0.391406 0.705556 0.104688 0.142593
0 0.365625 0.512500 0.097917 0.169444
0 0.551042 0.525000 0.100000 0.151852
0 0.588281 0.895370 0.101562 0.114815
0 0.794271 0.896296 0.100000 0.116667
0 0.939583 0.962963 0.107292 0.074074
0 0.951562 0.735648 0.096875 0.137963
0 0.932292 0.344444 0.095833 0.144444
0 0.856250 0.429630 0.085417 0.074074
0 0.703906 0.336111 0.098437 0.137037
0 0.784896 0.227315 0.088542 0.158333
0 0.773698 0.723611 0.101562 0.143519
0 0.733073 0.539815 0.107813 0.155556
0 0.913542 0.558796 0.101042 0.162037
0 0.583854 0.713426 0.107292 0.145370
