0 0.149219 0.906944 0.104688 0.167593
0 0.326823 0.953704 0.108854 0.092593
0 0.576562 0.868519 0.104167 0.151852
0 0.838281 0.928704 0.110937 0.142593
0 0.738021 0.734259 0.103125 0.155556
0 0.645052 0.543056 0.094271 0.156481
0 0.478906 0.530093 0.092188 0.150926
0 0.405469 0.756019 0.098437 0.165741
0 0.233854 0.675463 0.102083 0.175000
0 0.310156 0.456944 0.102604 0.160185
0 0.380208 0.256481 0.092708 0.157407
0 0.546615 0.320370 0.097396 0.166667
0 0.606771 0.125463 0.091667 0.136111
0 0.447656 0.075926 0.081771 0.135185
0 0.810417 0.447685 0.093750 0.143519
0 0.743490 0.258796 0.092188 0.147222
0 0.069271 0.478704 0.092708 0.144444
0 0.102865 0.662500 0.071354 0.141667
