0 0.292187 0.603704 0.104167 0.157407
0 0.481771 0.688426 0.106250 0.154630
0 0.674479 0.757870 0.097917 0.141667
0 0.861458 0.850463 0.101042 0.141667
0 0.886719 0.667593 0.100521 0.164815
0 0.702344 0.583796 0.103646 0.167593
0 0.518750 0.500000 0.102083 0.159259
0 0.334375 0.417593 0.103125 0.164815
0 0.641146 0.422222 0.085417 0.074074
0 0.773958 0.376389 0.091667 0.152778
0 0.890885 0.525000 0.090104 0.074074
0 0.897135 0.300463 0.089063 0.143519
0 0.984115 0.462500 0.031771 0.110185
0 0.235677 0.452315 0.032813 0.087963
0 0.450781 0.854167 0.091146 0.126852
0 0.677083 0.944444 0.082292 0.094444
