0 0.257812 0.690278 0.102083 0.141667
0 0.477865 0.745833 0.104688 0.137963
0 0.403906 0.558333 0.102604 0.151852
0 0.580208 0.533796 0.102083 0.149074
0 0.655208 0.712500 0.108333 0.137963
0 0.829427 0.679630 0.107813 0.135185
0 0.746615 0.512963 0.103646 0.153704
0 0.908594 0.486574 0.097396 0.147222
0 0.968490 0.656944 0.063021 0.139815
0 0.982812 0.908333 0.034375 0.155556
0 0.858854 0.837037 0.080208 0.096296
0 0.679688 0.887037 0.102083 0.133333
0 0.807031 0.969444 0.034896 0.061111
0 0.655469 0.319444 0.088021 0.140741
0 0.855990 0.277315 0.085938 0.134259
0 0.696875 0.191204 0.082292 0.147222
