0 0.560677 0.706481 0.106771 0.144444
0 0.558073 0.888889 0.106771 0.112963
0 0.364844 0.687037 0.105729 0.161111
0 0.752865 0.740278 0.107813 0.139815
0 0.935417 0.773148 0.106250 0.146296
0 0.908073 0.587963 0.104688 0.157407
0 0.728646 0.554167 0.102083 0.152778
0 0.773438 0.915278 0.092708 0.106481
0 0.908073 0.973148 0.096354 0.053704
0 0.355469 0.485185 0.100521 0.161111
0 0.545312 0.519907 0.103125 0.158333
0 0.234896 0.568056 0.081250 0.126852
0 0.723958 0.339815 0.090625 0.144444
0 0.871094 0.447685 0.093229 0.067593
0 0.950260 0.363889 0.080729 0.124074
0 0.816146 0.239352 0.078125 0.150926
0 0.620573 0.406481 0.077604 0.046296
