0 0.469792 0.865278 0.093750 0.115741
0 0.300000 0.614352 0.101042 0.145370
0 0.338802 0.424074 0.097396 0.168519
0 0.519531 0.500463 0.104688 0.160185
0 0.491146 0.683796 0.104167 0.143519
0 0.684896 0.759259 0.101042 0.148148
0 0.871615 0.843981 0.104688 0.156481
0 0.889323 0.654630 0.102604 0.161111
0 0.705208 0.580556 0.104167 0.161111
0 0.693490 0.945370 0.078646 0.092593
0 0.767188 0.368981 0.088542 0.143519
0 0.885417 0.512963 0.091667 0.074074
0 0.982292 0.447222 0.035417 0.114815
0 0.886458 0.297222 0.084375 0.174074
0 0.638802 0.418056 0.082812 0.073148
0 0.231510 0.485648 0.033854 0.106481
