0 0.492969 0.845833 0.098437 0.145370
0 0.631510 0.943056 0.099479 0.113889
0 0.761198 0.812500 0.099479 0.150926
0 0.743490 0.619907 0.105729 0.134259
0 0.619792 0.698148 0.097917 0.162963
0 0.928385 0.601389 0.104688 0.134259
0 0.889583 0.453241 0.097917 0.128704
0 0.553385 0.489815 0.088021 0.120370
0 0.404948 0.416204 0.095312 0.110185
0 0.253646 0.344907 0.094792 0.104630
0 0.355990 0.249074 0.078646 0.114815
0 0.500521 0.313426 0.090625 0.117593
0 0.711198 0.475000 0.102604 0.124074
0 0.680469 0.347222 0.094271 0.118519
0 0.653385 0.220370 0.079687 0.096296
0 0.626042 0.111574 0.072917 0.100926
0 0.782292 0.091667 0.078125 0.107407
0 0.820312 0.203704 0.094792 0.120370
0 0.846354 0.321759 0.106250 0.117593
