0 0.631510 0.335648 0.079687 0.106481
0 0.671094 0.493519 0.077604 0.162963
0 0.838542 0.570833 0.097917 0.176852
0 0.807031 0.793519 0.096354 0.135185
0 0.968229 0.867130 0.063542 0.139815
0 0.988542 0.645370 0.022917 0.170370
0 0.656250 0.830093 0.101042 0.180556
0 0.484635 0.906944 0.102604 0.152778
0 0.403385 0.678704 0.102604 0.161111
0 0.573958 0.605093 0.094792 0.169444
0 0.491667 0.395833 0.093750 0.162037
0 0.414323 0.198148 0.092188 0.162963
0 0.252344 0.269444 0.090104 0.140741
0 0.326042 0.474074 0.102083 0.166667
0 0.231250 0.589815 0.057292 0.116667
0 0.225000 0.772685 0.082292 0.093519
0 0.143229 0.924074 0.100000 0.146296
0 0.302604 0.977315 0.093750 0.045370
