0 0.272135 0.219907 0.095312 0.154630
0 0.444271 0.174074 0.097917 0.146296
0 0.665885 0.351852 0.085938 0.120370
0 0.494010 0.378704 0.103646 0.161111
0 0.551042 0.602778 0.104167 0.174074
0 0.322396 0.433333 0.102083 0.164815
0 0.373698 0.651852 0.095312 0.170370
0 0.427604 0.887963 0.098958 0.166667
0 0.607031 0.836111 0.106771 0.170370
0 0.770833 0.829630 0.106250 0.175926
0 0.945312 0.924537 0.102083 0.141667
0 0.978125 0.705093 0.043750 0.167593
0 0.831771 0.616204 0.105208 0.169444
0 0.669792 0.506481 0.081250 0.153704
0 0.251823 0.950926 0.103646 0.098148
0 0.102865 0.853704 0.107813 0.153704
0 0.209375 0.713426 0.083333 0.110185
0 0.220052 0.526389 0.045312 0.097222
