0 0.523438 0.852778 0.101042 0.148148
0 0.761458 0.943981 0.104167 0.112037
0 0.697917 0.755556 0.101042 0.157407
0 0.636458 0.551389 0.097917 0.154630
0 0.836979 0.485648 0.097917 0.149074
0 0.803906 0.293981 0.091146 0.154630
0 0.655990 0.134259 0.085938 0.138889
0 0.507292 0.068519 0.090625 0.116667
0 0.416406 0.215741 0.092188 0.142593
0 0.564583 0.312500 0.102083 0.145370
0 0.466927 0.501389 0.098437 0.143519
0 0.318750 0.404630 0.092708 0.153704
0 0.215104 0.605556 0.103125 0.166667
0 0.364323 0.718981 0.107813 0.171296
0 0.254427 0.921296 0.101562 0.146296
0 0.104167 0.818056 0.102083 0.171296
0 0.107292 0.387500 0.086458 0.141667
0 0.103385 0.546759 0.067187 0.093519
