0 0.392188 0.824074 0.103125 0.129630
0 0.258854 0.543519 0.098958 0.162963
0 0.433854 0.654630 0.103125 0.153704
0 0.618490 0.772222 0.100521 0.157407
0 0.794792 0.903241 0.109375 0.167593
0 0.855990 0.719444 0.101562 0.172222
0 0.679688 0.600000 0.105208 0.168519
0 0.505729 0.484259 0.102083 0.168519
0 0.334635 0.368981 0.102604 0.173148
0 0.615104 0.954167 0.078125 0.091667
0 0.802604 0.410648 0.095833 0.162037
0 0.892448 0.589352 0.094271 0.100926
0 0.945052 0.359722 0.086979 0.154630
0 0.645312 0.437500 0.091667 0.078704
