0 0.321354 0.636574 0.103125 0.152778
0 0.515625 0.696296 0.106250 0.148148
0 0.708073 0.755556 0.107813 0.138889
0 0.900000 0.817593 0.104167 0.133333
0 0.897917 0.631019 0.104167 0.152778
0 0.713021 0.572685 0.106250 0.163889
0 0.529427 0.513426 0.103646 0.165741
0 0.341927 0.448611 0.104688 0.158333
0 0.232552 0.505093 0.049479 0.121296
0 0.636198 0.417130 0.088021 0.065741
0 0.748958 0.357870 0.094792 0.158333
0 0.863281 0.269907 0.084896 0.149074
0 0.880729 0.490741 0.096875 0.062963
0 0.974479 0.423611 0.051042 0.125000
0 0.496615 0.875926 0.096354 0.111111
0 0.718229 0.935648 0.080208 0.091667
