0 0.858594 0.496759 0.109896 0.121296
0 0.966667 0.377778 0.066667 0.135185
0 0.847917 0.292130 0.097917 0.141667
0 0.725781 0.412963 0.101562 0.127778
0 0.682031 0.676389 0.096354 0.154630
0 0.662500 0.876852 0.108333 0.166667
0 0.849479 0.869444 0.107292 0.153704
0 0.861719 0.679167 0.096354 0.145370
0 0.556510 0.520370 0.101562 0.120370
0 0.371615 0.554167 0.103646 0.115741
0 0.192708 0.587037 0.105208 0.111111
0 0.193229 0.452315 0.090625 0.126852
0 0.367708 0.414815 0.086458 0.127778
0 0.597135 0.322685 0.099479 0.113889
0 0.476042 0.243519 0.086458 0.109259
0 0.358073 0.172222 0.079687 0.092593
0 0.598437 0.139352 0.093750 0.147222
0 0.718750 0.209722 0.087500 0.143519
0 0.478125 0.071296 0.078125 0.125926
0 0.891927 0.168981 0.077604 0.113889
