0 0.141146 0.448148 0.106250 0.142593
0 0.203125 0.806019 0.106250 0.163889
0 0.150781 0.281944 0.097396 0.152778
0 0.323698 0.234722 0.098437 0.152778
0 0.316927 0.413889 0.098437 0.138889
0 0.496354 0.373148 0.104167 0.127778
0 0.498958 0.197685 0.088542 0.163889
0 0.667188 0.170833 0.098958 0.165741
0 0.679167 0.324537 0.112500 0.167593
0 0.330990 0.900463 0.118229 0.169444
0 0.328385 0.637037 0.111979 0.164815
0 0.463281 0.722685 0.118229 0.169444
0 0.584375 0.554630 0.105208 0.133333
0 0.725000 0.598611 0.087500 0.147222
0 0.837500 0.738889 0.109375 0.155556
0 0.955990 0.609259 0.088021 0.172222
0 0.838802 0.477315 0.090104 0.117593
0 0.855469 0.298148 0.093229 0.144444
0 0.842969 0.131944 0.096354 0.162037
0 0.505729 0.069444 0.075000 0.094444
