0 0.437240 0.811111 0.097396 0.155556
0 0.622656 0.775463 0.100521 0.162037
0 0.058594 0.639815 0.098437 0.175926
0 0.316406 0.621296 0.104688 0.157407
0 0.208073 0.479167 0.105729 0.169444
0 0.170833 0.793519 0.113542 0.157407
0 0.460417 0.458796 0.112500 0.141667
0 0.351042 0.324537 0.098958 0.158333
0 0.487240 0.176852 0.091146 0.174074
0 0.599479 0.313889 0.101042 0.153704
0 0.733594 0.157870 0.094271 0.141667
0 0.615104 0.054167 0.085417 0.106481
0 0.882292 0.365741 0.086458 0.157407
0 0.865104 0.562037 0.098958 0.153704
0 0.190885 0.249074 0.080729 0.129630
0 0.620833 0.557407 0.097917 0.153704
0 0.623177 0.962500 0.111979 0.075000
0 0.434115 0.979630 0.073438 0.040741
