0 0.218490 0.952315 0.092188 0.095370
0 0.411719 0.977315 0.097396 0.045370
0 0.630990 0.868056 0.098437 0.154630
0 0.770833 0.712037 0.101042 0.157407
0 0.900000 0.888426 0.103125 0.175000
0 0.656771 0.536111 0.090625 0.161111
0 0.494531 0.555556 0.102604 0.155556
0 0.450781 0.793519 0.100521 0.157407
0 0.272656 0.743519 0.099479 0.162963
0 0.122656 0.746296 0.084896 0.127778
0 0.055469 0.586111 0.093229 0.164815
0 0.315365 0.510648 0.097396 0.167593
0 0.355208 0.297222 0.094792 0.148148
0 0.391927 0.100463 0.090104 0.136111
0 0.559896 0.127315 0.091667 0.132407
0 0.530208 0.337963 0.097917 0.146296
0 0.691406 0.237037 0.073438 0.120370
0 0.780469 0.414815 0.098437 0.124074
0 0.193750 0.514352 0.042708 0.112037
