0 0.179948 0.878241 0.091146 0.136111
0 0.067187 0.737037 0.102083 0.148148
0 0.192708 0.621296 0.066667 0.112963
0 0.347656 0.830556 0.102604 0.166667
0 0.340104 0.595370 0.103125 0.172222
0 0.328125 0.367593 0.096875 0.161111
0 0.318750 0.156019 0.092708 0.152778
0 0.493490 0.144907 0.098437 0.152778
0 0.507031 0.356944 0.098437 0.165741
0 0.521354 0.581481 0.104167 0.161111
0 0.537760 0.828704 0.110937 0.168519
0 0.712240 0.855093 0.095312 0.160185
0 0.871615 0.960185 0.099479 0.079630
0 0.959115 0.796759 0.081771 0.163889
0 0.813021 0.657407 0.102083 0.168519
0 0.666667 0.520370 0.080208 0.162963
0 0.718229 0.368981 0.086458 0.126852
