0 0.551562 0.511111 0.106250 0.116667
0 0.612500 0.875463 0.104167 0.167593
0 0.789844 0.912037 0.108854 0.148148
0 0.842448 0.722222 0.109896 0.148148
0 0.834896 0.536574 0.105208 0.125000
0 0.965104 0.440278 0.069792 0.128704
0 0.870573 0.338889 0.104688 0.148148
0 0.723437 0.430556 0.106250 0.127778
0 0.619792 0.325463 0.094792 0.119444
0 0.762240 0.231944 0.091146 0.130556
0 0.662760 0.142593 0.089063 0.129630
0 0.522135 0.223148 0.079687 0.111111
0 0.398958 0.376389 0.085417 0.128704
0 0.372396 0.511111 0.097917 0.124074
0 0.191406 0.513426 0.102604 0.121296
0 0.225521 0.385648 0.087500 0.128704
0 0.430469 0.138426 0.072396 0.121296
0 0.569271 0.071296 0.084375 0.135185
0 0.961458 0.228704 0.070833 0.107407
0 0.666927 0.687963 0.100521 0.159259
