0 0.180990 0.238426 0.095312 0.132407
0 0.329427 0.389352 0.102604 0.136111
0 0.350781 0.220833 0.082812 0.152778
0 0.521094 0.199537 0.101562 0.165741
0 0.511719 0.362037 0.104688 0.140741
0 0.326042 0.608333 0.098958 0.148148
0 0.445052 0.708796 0.106771 0.147222
0 0.584115 0.547685 0.103646 0.137963
0 0.459115 0.514815 0.073438 0.055556
0 0.184115 0.771296 0.108854 0.151852
0 0.307292 0.873148 0.116667 0.150000
0 0.722396 0.607407 0.087500 0.146296
0 0.824479 0.772222 0.100000 0.151852
0 0.958594 0.632407 0.082812 0.159259
0 0.851042 0.496296 0.093750 0.131481
0 0.868490 0.313426 0.108854 0.150926
0 0.869271 0.148611 0.098958 0.150926
0 0.696615 0.170833 0.099479 0.156481
0 0.684896 0.333333 0.096875 0.131481
