0 0.248177 0.512963 0.104688 0.153704
0 0.336458 0.347222 0.098958 0.166667
0 0.499219 0.470833 0.104688 0.160185
0 0.415885 0.639352 0.103646 0.149074
0 0.588542 0.770833 0.106250 0.162037
0 0.763802 0.906019 0.103646 0.150926
0 0.841406 0.739815 0.105729 0.170370
0 0.668490 0.600463 0.098437 0.163889
0 0.978906 0.868056 0.042188 0.163889
0 0.369010 0.800926 0.098437 0.129630
0 0.589063 0.948148 0.083333 0.096296
0 0.418229 0.970370 0.093750 0.059259
0 0.809115 0.426389 0.094271 0.158333
0 0.889062 0.614815 0.093750 0.101852
0 0.654948 0.440741 0.083854 0.090741
0 0.956771 0.381019 0.086458 0.143519
