0 0.468229 0.928704 0.106250 0.142593
0 0.399740 0.770370 0.107813 0.151852
0 0.646875 0.853704 0.110417 0.129630
0 0.622917 0.650926 0.104167 0.151852
0 0.808073 0.715741 0.104688 0.146296
0 0.472396 0.350000 0.097917 0.114815
0 0.379427 0.231019 0.096354 0.119444
0 0.522135 0.191204 0.083854 0.119444
0 0.613542 0.304167 0.087500 0.117593
0 0.554688 0.457407 0.075000 0.105556
0 0.676302 0.515278 0.103646 0.134259
0 0.726562 0.388426 0.097917 0.130556
0 0.853906 0.574074 0.111979 0.129630
0 0.899479 0.439815 0.100000 0.118519
0 0.778125 0.268056 0.081250 0.110185
0 0.812500 0.163889 0.081250 0.107407
0 0.937500 0.325000 0.085417 0.111111
0 0.967708 0.210648 0.064583 0.097222
0 0.951562 0.700926 0.062500 0.116667
