0 0.259115 0.241667 0.074479 0.111111
0 0.163021 0.558796 0.089583 0.123148
0 0.207813 0.693981 0.104167 0.121296
0 0.386979 0.612500 0.103125 0.121296
0 0.337240 0.478241 0.093229 0.130556
0 0.562500 0.529167 0.103125 0.119444
0 0.498958 0.449537 0.067708 0.049074
0 0.562760 0.323148 0.101562 0.107407
0 0.410938 0.284722 0.093750 0.113889
0 0.718229 0.375463 0.101042 0.112037
0 0.881510 0.429630 0.102604 0.124074
0 0.954688 0.285648 0.090625 0.134259
0 0.801302 0.236574 0.094271 0.145370
0 0.642969 0.189352 0.080729 0.137963
0 0.493229 0.150000 0.071875 0.129630
0 0.349479 0.119444 0.072917 0.142593
0 0.700781 0.649074 0.096354 0.157407
0 0.730990 0.849537 0.101562 0.154630
0 0.913802 0.796296 0.102604 0.159259
0 0.876302 0.609722 0.099479 0.134259
