0 0.363542 0.678704 0.098958 0.142593
0 0.559896 0.709722 0.100000 0.147222
0 0.748437 0.734722 0.105208 0.136111
0 0.938802 0.775000 0.103646 0.148148
0 0.912760 0.592593 0.093229 0.155556
0 0.728646 0.556019 0.106250 0.163889
0 0.545573 0.520833 0.103646 0.150926
0 0.357812 0.482407 0.105208 0.159259
0 0.233073 0.565278 0.077604 0.136111
0 0.556250 0.892130 0.104167 0.125000
0 0.766146 0.913426 0.086458 0.100926
0 0.907292 0.976389 0.093750 0.047222
0 0.952604 0.364352 0.076042 0.123148
0 0.815365 0.243981 0.085938 0.154630
0 0.721875 0.346759 0.091667 0.149074
0 0.872656 0.448611 0.096354 0.065741
0 0.625000 0.411574 0.081250 0.065741
