0 0.622917 0.152778 0.091667 0.150000
0 0.790365 0.088426 0.093229 0.149074
0 0.833333 0.243056 0.095833 0.132407
0 0.658854 0.314815 0.096875 0.138889
0 0.816406 0.439815 0.089063 0.131481
0 0.955990 0.535648 0.088021 0.152778
0 0.856510 0.697685 0.097396 0.154630
0 0.723698 0.573611 0.075521 0.134259
0 0.591667 0.558796 0.096875 0.162037
0 0.503385 0.750000 0.106771 0.157407
0 0.397917 0.935185 0.102083 0.129630
0 0.245573 0.889352 0.109896 0.167593
0 0.343750 0.690278 0.103125 0.158333
0 0.481771 0.397222 0.105208 0.135185
0 0.450781 0.223611 0.092188 0.152778
0 0.276823 0.297685 0.093229 0.165741
0 0.300000 0.473148 0.102083 0.155556
0 0.125000 0.539352 0.096875 0.136111
0 0.101302 0.362500 0.097396 0.152778
0 0.414062 0.093056 0.070833 0.091667
