0 0.309896 0.797222 0.103125 0.137037
0 0.342969 0.637500 0.098437 0.145370
0 0.475260 0.612037 0.108854 0.146296
0 0.606250 0.766667 0.106250 0.137037
0 0.617708 0.536111 0.102083 0.138889
0 0.745052 0.679630 0.107813 0.135185
0 0.751823 0.462037 0.101562 0.144444
0 0.881250 0.597222 0.104167 0.131481
0 0.882031 0.393519 0.091146 0.137037
0 0.978646 0.512500 0.042708 0.106481
0 0.976823 0.317593 0.046354 0.112963
0 0.583854 0.312500 0.091667 0.126852
0 0.576562 0.174074 0.083333 0.127778
0 0.737760 0.213426 0.089063 0.119444
0 0.745052 0.320370 0.086979 0.081481
0 0.794271 0.850000 0.105208 0.122222
0 0.927604 0.752778 0.050000 0.088889
