0 0.513802 0.575000 0.103646 0.157407
0 0.510417 0.825463 0.106250 0.175000
0 0.325000 0.805093 0.104167 0.180556
0 0.329167 0.573148 0.103125 0.179630
0 0.334896 0.348148 0.100000 0.159259
0 0.511198 0.348148 0.104688 0.164815
0 0.510677 0.139815 0.097396 0.146296
0 0.335156 0.137037 0.093229 0.150000
0 0.669271 0.523611 0.073958 0.163889
0 0.694531 0.862500 0.101562 0.158333
0 0.849740 0.967593 0.093229 0.064815
0 0.949479 0.818981 0.101042 0.165741
0 0.802083 0.675000 0.106250 0.170370
0 0.732812 0.377778 0.092708 0.127778
0 0.184896 0.583796 0.064583 0.113889
0 0.159375 0.846296 0.093750 0.138889
0 0.059115 0.690278 0.098437 0.156481
