0 0.541406 0.860185 0.106771 0.153704
0 0.643229 0.697685 0.103125 0.154630
0 0.803906 0.783333 0.120313 0.164815
0 0.699740 0.935648 0.103646 0.128704
0 0.789323 0.585648 0.105729 0.123148
0 0.952344 0.538426 0.095312 0.130556
0 0.888542 0.404167 0.111458 0.139815
0 0.722917 0.457870 0.100000 0.130556
0 0.660417 0.331019 0.094792 0.125000
0 0.822135 0.279630 0.099479 0.135185
0 0.759115 0.173148 0.092188 0.125926
0 0.600521 0.214815 0.097917 0.105556
0 0.549479 0.106481 0.077083 0.103704
0 0.697135 0.062963 0.080729 0.116667
0 0.553385 0.497222 0.110937 0.124074
0 0.384115 0.454167 0.105729 0.123148
0 0.453646 0.338889 0.093750 0.129630
0 0.296094 0.299074 0.089063 0.127778
0 0.221094 0.403241 0.095312 0.112037
