0 0.316927 0.134259 0.093229 0.140741
0 0.233854 0.273148 0.088542 0.103704
0 0.161979 0.603241 0.090625 0.128704
0 0.219792 0.730556 0.108333 0.120370
0 0.393750 0.631481 0.109375 0.129630
0 0.327083 0.506481 0.100000 0.142593
0 0.548958 0.328704 0.096875 0.127778
0 0.712240 0.374074 0.108854 0.125926
0 0.884375 0.407870 0.103125 0.139815
0 0.934635 0.765278 0.101562 0.152778
0 0.750521 0.834259 0.106250 0.150000
0 0.702604 0.644444 0.102083 0.137037
0 0.874479 0.586111 0.098958 0.133333
0 0.562240 0.530556 0.102604 0.122222
0 0.483854 0.461574 0.072917 0.058333
0 0.383333 0.301389 0.090625 0.113889
0 0.463021 0.160648 0.085417 0.141667
0 0.617969 0.188426 0.104688 0.154630
0 0.780990 0.224074 0.101562 0.153704
0 0.945573 0.254630 0.100521 0.155556
