0 0.619792 0.898148 0.103125 0.120370
0 0.819010 0.881481 0.090104 0.107407
0 0.961198 0.946759 0.077604 0.106481
0 0.956250 0.710185 0.087500 0.135185
0 0.912760 0.535185 0.098437 0.146296
0 0.739583 0.530093 0.105208 0.150926
0 0.795573 0.703704 0.098437 0.137037
0 0.614323 0.716667 0.106771 0.138889
0 0.561719 0.525926 0.103646 0.146296
0 0.375521 0.523148 0.107292 0.148148
0 0.418229 0.715741 0.103125 0.133333
0 0.244792 0.629630 0.096875 0.131481
0 0.688542 0.329167 0.098958 0.149074
0 0.848177 0.410648 0.089063 0.060185
0 0.907813 0.314815 0.087500 0.120370
0 0.757552 0.221296 0.085938 0.161111
