0 0.313281 0.795833 0.099479 0.128704
0 0.345313 0.639352 0.094792 0.136111
0 0.475521 0.826389 0.052083 0.123148
0 0.480469 0.616667 0.102604 0.146296
0 0.611198 0.768056 0.104688 0.125000
0 0.622135 0.537963 0.100521 0.150000
0 0.750260 0.674074 0.100521 0.127778
0 0.752083 0.461111 0.098958 0.144444
0 0.882292 0.595370 0.106250 0.125926
0 0.978125 0.509722 0.043750 0.113889
0 0.877604 0.385648 0.094792 0.130556
0 0.975781 0.321759 0.048438 0.117593
0 0.737240 0.211111 0.092188 0.125926
0 0.571875 0.179630 0.087500 0.129630
0 0.576823 0.312037 0.095312 0.129630
0 0.742188 0.321759 0.080208 0.080556
0 0.798698 0.839352 0.117188 0.130556
