0 0.495833 0.934722 0.104167 0.125000
0 0.413802 0.790278 0.106771 0.160185
0 0.671094 0.846296 0.104688 0.133333
0 0.579167 0.736574 0.083333 0.086111
0 0.648177 0.647222 0.106771 0.144444
0 0.838542 0.696296 0.103125 0.129630
0 0.862240 0.545833 0.111979 0.115741
0 0.688281 0.503241 0.101562 0.123148
0 0.720052 0.381944 0.097396 0.134259
0 0.895573 0.411111 0.101562 0.116667
0 0.919271 0.292130 0.087500 0.112037
0 0.755208 0.251852 0.082292 0.105556
0 0.776823 0.146296 0.083854 0.118519
0 0.938021 0.175000 0.083333 0.107407
0 0.549740 0.463889 0.071354 0.112963
0 0.453906 0.360185 0.093229 0.129630
0 0.350521 0.248148 0.089583 0.118519
0 0.483073 0.206944 0.089063 0.134259
0 0.586979 0.304630 0.083333 0.135185
