0 0.783854 0.781944 0.107292 0.149074
0 0.937240 0.943056 0.116146 0.113889
0 0.354687 0.283796 0.096875 0.147222
0 0.232552 0.424074 0.098437 0.146296
0 0.373958 0.588426 0.109375 0.154630
0 0.516146 0.755093 0.111458 0.145370
0 0.635156 0.612037 0.113021 0.183333
0 0.675521 0.923148 0.094792 0.153704
0 0.491927 0.440741 0.105729 0.157407
0 0.307552 0.729167 0.081771 0.125000
0 0.339583 0.935185 0.089583 0.103704
0 0.507552 0.950000 0.064062 0.100000
0 0.831771 0.474074 0.098958 0.161111
0 0.977083 0.461111 0.045833 0.135185
0 0.881510 0.687963 0.104688 0.127778
0 0.660156 0.457407 0.086979 0.114815
