0 0.757552 0.839352 0.106771 0.162037
0 0.927604 0.937037 0.102083 0.125926
0 0.591667 0.837037 0.101042 0.172222
0 0.545312 0.597685 0.094792 0.160185
0 0.670573 0.516204 0.076563 0.163889
0 0.829688 0.626852 0.098958 0.181481
0 0.974479 0.731944 0.051042 0.165741
0 0.406771 0.877315 0.096875 0.169444
0 0.363542 0.631944 0.100000 0.160185
0 0.323437 0.412963 0.096875 0.157407
0 0.499740 0.373148 0.092188 0.162963
0 0.459115 0.164815 0.089063 0.144444
0 0.284896 0.208796 0.092708 0.158333
0 0.218750 0.516204 0.042708 0.125000
0 0.204427 0.690741 0.081771 0.112963
0 0.233594 0.940741 0.094271 0.118519
0 0.088021 0.821296 0.096875 0.153704
0 0.678125 0.359722 0.098958 0.136111
