0 0.759635 0.395833 0.083854 0.134259
0 0.668490 0.226852 0.057813 0.120370
0 0.928385 0.862963 0.114062 0.162963
0 0.662240 0.532870 0.089063 0.165741
0 0.660677 0.868519 0.106771 0.168519
0 0.789583 0.696296 0.106250 0.172222
0 0.478385 0.806019 0.108854 0.160185
0 0.362500 0.113889 0.090625 0.142593
0 0.345052 0.312963 0.093229 0.172222
0 0.520833 0.340741 0.106250 0.155556
0 0.535156 0.137037 0.094271 0.144444
0 0.502344 0.564352 0.105729 0.162037
0 0.295052 0.775000 0.098437 0.166667
0 0.320833 0.535185 0.091667 0.159259
0 0.138542 0.788426 0.090625 0.130556
0 0.056510 0.627315 0.101562 0.143519
0 0.185938 0.536574 0.045833 0.106481
