0 0.587240 0.877778 0.099479 0.164815
0 0.761458 0.921296 0.104167 0.140741
0 0.832552 0.743519 0.106771 0.151852
0 0.656510 0.691667 0.110937 0.157407
0 0.200000 0.472222 0.096875 0.129630
0 0.243750 0.352778 0.088542 0.122222
0 0.371875 0.490741 0.111458 0.120370
0 0.412500 0.358796 0.089583 0.126852
0 0.555469 0.503241 0.109896 0.125000
0 0.725000 0.438889 0.105208 0.133333
0 0.822135 0.555556 0.111979 0.129630
0 0.630990 0.326389 0.106771 0.126852
0 0.547396 0.221296 0.083333 0.116667
0 0.464583 0.123148 0.073958 0.112963
0 0.610677 0.064352 0.078646 0.119444
0 0.694531 0.149537 0.085938 0.125000
0 0.784635 0.246759 0.091146 0.125000
0 0.879427 0.356944 0.096354 0.145370
0 0.964063 0.468056 0.071875 0.139815
0 0.973698 0.255093 0.052604 0.117593
