0 0.239323 0.481481 0.102604 0.150000
0 0.397396 0.620833 0.104167 0.156481
0 0.563802 0.766667 0.100521 0.155556
0 0.731510 0.915741 0.095312 0.151852
0 0.350521 0.782870 0.109375 0.145370
0 0.385417 0.965278 0.112500 0.069444
0 0.556510 0.949537 0.085938 0.100926
0 0.820833 0.756481 0.101042 0.175926
0 0.967708 0.902315 0.064583 0.171296
0 0.658854 0.604630 0.108333 0.174074
0 0.496875 0.463889 0.104167 0.159259
0 0.339323 0.321296 0.101562 0.151852
0 0.659375 0.446296 0.086458 0.096296
0 0.819271 0.447222 0.100000 0.170370
0 0.887500 0.645370 0.095833 0.116667
0 0.964583 0.410648 0.070833 0.152778
