0 0.087500 0.427778 0.084375 0.125926
0 0.099740 0.603704 0.075521 0.092593
0 0.123698 0.865278 0.095312 0.165741
0 0.287240 0.936111 0.106771 0.127778
0 0.380729 0.734722 0.106250 0.169444
0 0.549740 0.870370 0.101562 0.166667
0 0.718750 0.750463 0.108333 0.167593
0 0.803646 0.939352 0.104167 0.121296
0 0.644271 0.548148 0.100000 0.161111
0 0.826042 0.460648 0.091667 0.143519
0 0.778646 0.274074 0.081250 0.150000
0 0.631771 0.132407 0.087500 0.137037
0 0.556771 0.317593 0.090625 0.159259
0 0.472135 0.518056 0.098437 0.152778
0 0.313542 0.429630 0.094792 0.161111
0 0.223958 0.641204 0.094792 0.162037
0 0.400260 0.236574 0.091146 0.156481
0 0.477344 0.062963 0.085938 0.112963
