0 0.584375 0.326852 0.067708 0.094444
0 0.378906 0.233796 0.095312 0.145370
0 0.234635 0.343519 0.091146 0.146296
0 0.344531 0.532407 0.098437 0.166667
0 0.487240 0.420370 0.105729 0.161111
0 0.459896 0.726852 0.097917 0.150000
0 0.578646 0.926389 0.101042 0.147222
0 0.725521 0.818981 0.105208 0.175000
0 0.850781 0.972222 0.096354 0.055556
0 0.607552 0.612500 0.106771 0.167593
0 0.666667 0.476852 0.079167 0.129630
0 0.838542 0.530093 0.102083 0.171296
0 0.844531 0.749074 0.096354 0.148148
0 0.263021 0.660648 0.076042 0.123148
0 0.276302 0.860185 0.091146 0.098148
