0 0.075260 0.777778 0.105729 0.157407
0 0.200000 0.911111 0.101042 0.133333
0 0.350781 0.610185 0.101562 0.166667
0 0.376302 0.851852 0.102604 0.174074
0 0.562500 0.828241 0.102083 0.180556
0 0.731510 0.844907 0.105729 0.154630
0 0.901302 0.948611 0.101562 0.102778
0 0.969010 0.760648 0.061979 0.167593
0 0.826562 0.648148 0.097917 0.174074
0 0.670312 0.523148 0.078125 0.166667
0 0.507812 0.362963 0.102083 0.144444
0 0.328906 0.387963 0.106771 0.153704
0 0.299479 0.180093 0.089583 0.152778
0 0.476823 0.154167 0.092188 0.152778
0 0.698698 0.361574 0.089063 0.130556
0 0.197135 0.653241 0.082812 0.119444
0 0.216927 0.481019 0.025521 0.106481
