0 0.283073 0.590278 0.099479 0.136111
0 0.443490 0.855556 0.103646 0.144444
0 0.665365 0.950926 0.090104 0.098148
0 0.852604 0.864815 0.100000 0.170370
0 0.878385 0.675463 0.104688 0.167593
0 0.696875 0.586574 0.098958 0.154630
0 0.663802 0.764815 0.105729 0.157407
0 0.514323 0.496296 0.105729 0.164815
0 0.332031 0.404167 0.104688 0.162037
0 0.473698 0.674074 0.102604 0.146296
0 0.642448 0.422685 0.094271 0.082407
0 0.778646 0.386111 0.095833 0.144444
0 0.888542 0.543981 0.104167 0.095370
0 0.987760 0.477778 0.024479 0.120370
0 0.905469 0.316667 0.089063 0.172222
