0 0.372656 0.722685 0.100521 0.137963
0 0.406250 0.893056 0.103125 0.125000
0 0.590625 0.852778 0.088542 0.122222
0 0.572917 0.641667 0.097917 0.127778
0 0.745573 0.743981 0.098437 0.125000
0 0.658073 0.528241 0.099479 0.141667
0 0.442448 0.205556 0.085938 0.129630
0 0.509115 0.332407 0.089063 0.138889
0 0.559896 0.445370 0.064583 0.081481
0 0.590365 0.191204 0.083854 0.128704
0 0.658333 0.296296 0.076042 0.101852
0 0.739583 0.412037 0.097917 0.131481
0 0.903385 0.490741 0.096354 0.111111
0 0.825000 0.612963 0.104167 0.124074
0 0.909115 0.755556 0.070312 0.122222
0 0.964063 0.378241 0.071875 0.106481
0 0.816146 0.301389 0.082292 0.104630
0 0.882031 0.206019 0.078646 0.115741
