0 0.290104 0.211111 0.072917 0.109259
0 0.425260 0.266204 0.085938 0.115741
0 0.570052 0.320833 0.091146 0.110185
0 0.719271 0.386111 0.098958 0.120370
0 0.877083 0.451852 0.102083 0.125926
0 0.960677 0.319444 0.078646 0.146296
0 0.814844 0.253704 0.090104 0.133333
0 0.672656 0.188889 0.088021 0.144444
0 0.532552 0.153241 0.076563 0.163889
0 0.401823 0.104167 0.083854 0.163889
0 0.346094 0.458333 0.091146 0.127778
0 0.378906 0.597222 0.097396 0.131481
0 0.194271 0.653704 0.108333 0.111111
0 0.169531 0.524074 0.096354 0.127778
0 0.562240 0.530556 0.107813 0.124074
0 0.503125 0.440741 0.067708 0.057407
0 0.694792 0.663426 0.101042 0.158333
0 0.708333 0.862500 0.107292 0.162037
0 0.873698 0.636111 0.099479 0.151852
0 0.895573 0.821759 0.111979 0.150926
0 0.812500 0.117593 0.080208 0.087037
