0 0.917969 0.775000 0.060937 0.101852
0 0.770312 0.854630 0.116667 0.125926
0 0.295052 0.769444 0.106771 0.129630
0 0.449219 0.818056 0.045312 0.117593
0 0.336719 0.613889 0.085938 0.144444
0 0.459896 0.599537 0.100000 0.145370
0 0.578906 0.762500 0.104688 0.141667
0 0.725000 0.686111 0.105208 0.127778
0 0.609115 0.539815 0.100521 0.150000
0 0.752344 0.475463 0.097396 0.143519
0 0.870313 0.612963 0.102083 0.125926
0 0.888021 0.418056 0.095833 0.147222
0 0.978125 0.540278 0.043750 0.104630
0 0.599740 0.311111 0.094271 0.140741
0 0.606510 0.171759 0.080729 0.130556
0 0.765104 0.221296 0.091667 0.125926
0 0.763281 0.335648 0.080729 0.086111
