0 0.639844 0.546759 0.101562 0.165741
0 0.552344 0.863889 0.102604 0.162963
0 0.718490 0.747222 0.116146 0.172222
0 0.804427 0.935185 0.106771 0.129630
0 0.821354 0.461574 0.097917 0.141667
0 0.769792 0.277315 0.092708 0.156481
0 0.551042 0.317593 0.098958 0.155556
0 0.472656 0.520833 0.102604 0.154630
0 0.385156 0.740278 0.101562 0.167593
0 0.291667 0.940278 0.100000 0.119444
0 0.126302 0.863889 0.104688 0.174074
0 0.223177 0.647222 0.114062 0.181481
0 0.315104 0.435185 0.101042 0.159259
0 0.393750 0.237500 0.095833 0.152778
0 0.473438 0.062500 0.080208 0.123148
0 0.629948 0.126389 0.092188 0.139815
0 0.084115 0.433796 0.093229 0.141667
0 0.100781 0.602778 0.072396 0.103704
