0 0.064844 0.731944 0.102604 0.158333
0 0.178125 0.871296 0.092708 0.127778
0 0.189323 0.620370 0.070312 0.127778
0 0.338802 0.590278 0.106771 0.169444
0 0.342969 0.831481 0.101562 0.164815
0 0.533073 0.825000 0.106771 0.166667
0 0.521615 0.583333 0.104688 0.166667
0 0.671615 0.524074 0.079687 0.164815
0 0.811458 0.662500 0.100000 0.173148
0 0.710156 0.856019 0.101562 0.156481
0 0.868490 0.958796 0.099479 0.082407
0 0.959375 0.799074 0.081250 0.164815
0 0.510417 0.356944 0.103125 0.154630
0 0.333073 0.368519 0.096354 0.164815
0 0.323437 0.155093 0.085417 0.150926
0 0.493229 0.143981 0.092708 0.139815
0 0.721615 0.373611 0.095312 0.126852
