0 0.639583 0.873611 0.118750 0.171296
0 0.825521 0.887500 0.105208 0.152778
0 0.674740 0.675926 0.100521 0.148148
0 0.853125 0.701852 0.108333 0.153704
0 0.848958 0.519444 0.112500 0.137037
0 0.729167 0.419444 0.106250 0.124074
0 0.555469 0.517593 0.108854 0.116667
0 0.371615 0.532407 0.103646 0.127778
0 0.190885 0.545833 0.106771 0.110185
0 0.213021 0.417130 0.090625 0.132407
0 0.383333 0.394444 0.095833 0.138889
0 0.613021 0.321759 0.105208 0.126852
0 0.498437 0.232407 0.092708 0.120370
0 0.393490 0.150463 0.081771 0.106481
0 0.529427 0.070370 0.093229 0.138889
0 0.629427 0.143056 0.093229 0.149074
0 0.739583 0.224074 0.101042 0.151852
0 0.859896 0.312037 0.104167 0.142593
0 0.967187 0.408333 0.065625 0.129630
0 0.927865 0.193519 0.085938 0.114815
