0 0.240625 0.191667 0.098958 0.142593
0 0.188542 0.341667 0.094792 0.124074
0 0.159635 0.690741 0.103646 0.148148
0 0.256771 0.798611 0.103125 0.136111
0 0.417708 0.673611 0.104167 0.145370
0 0.322656 0.557870 0.096354 0.145370
0 0.573698 0.548611 0.104688 0.143519
0 0.470833 0.487037 0.070833 0.062963
0 0.524740 0.352315 0.098437 0.139815
0 0.569010 0.192593 0.084896 0.146296
0 0.400781 0.193519 0.086979 0.142593
0 0.351823 0.341667 0.090104 0.124074
0 0.699740 0.354167 0.098437 0.145370
0 0.738802 0.202778 0.091146 0.157407
0 0.878385 0.364352 0.103646 0.143519
0 0.910156 0.204167 0.103646 0.173148
0 0.707552 0.624074 0.099479 0.144444
0 0.791406 0.806481 0.102604 0.159259
0 0.949740 0.702778 0.100521 0.153704
0 0.868490 0.541667 0.100521 0.146296
