0 0.256771 0.260185 0.098958 0.148148
0 0.420573 0.194907 0.100521 0.163889
0 0.328385 0.464352 0.100521 0.165741
0 0.492969 0.392593 0.098437 0.157407
0 0.397396 0.677778 0.105208 0.166667
0 0.568490 0.607407 0.104688 0.168519
0 0.472917 0.904630 0.104167 0.162963
0 0.649479 0.837963 0.108333 0.177778
0 0.796354 0.806944 0.096875 0.152778
0 0.963802 0.878704 0.072396 0.148148
0 0.836458 0.587037 0.106250 0.166667
0 0.982292 0.654630 0.035417 0.153704
0 0.670833 0.498611 0.083333 0.150926
0 0.635938 0.331019 0.086458 0.108333
0 0.131510 0.914815 0.109896 0.168519
0 0.297135 0.969444 0.105729 0.061111
0 0.217969 0.761574 0.089063 0.113889
0 0.228125 0.582870 0.062500 0.139815
