0 0.544531 0.758333 0.102604 0.153704
0 0.537500 0.945370 0.087500 0.100000
0 0.354427 0.955093 0.095312 0.084259
0 0.326042 0.753241 0.085417 0.125000
0 0.384635 0.610648 0.103646 0.162037
0 0.707031 0.924074 0.103646 0.151852
0 0.954948 0.924074 0.090104 0.151852
0 0.807292 0.768981 0.102083 0.165741
0 0.650521 0.609259 0.102083 0.170370
0 0.496875 0.455093 0.101042 0.165741
0 0.347135 0.302778 0.091146 0.151852
0 0.234375 0.446759 0.097917 0.132407
0 0.662760 0.453241 0.082812 0.115741
0 0.884896 0.664352 0.096875 0.113889
0 0.826042 0.461111 0.102083 0.161111
0 0.973177 0.432407 0.053646 0.148148
