0 0.378646 0.868981 0.104167 0.136111
0 0.361979 0.704167 0.101042 0.139815
0 0.562500 0.845833 0.082292 0.132407
0 0.547135 0.638426 0.100521 0.134259
0 0.710156 0.747222 0.098437 0.120370
0 0.523958 0.321759 0.091667 0.123148
0 0.475781 0.188889 0.082812 0.114815
0 0.628906 0.189815 0.086979 0.112963
0 0.682031 0.298611 0.080729 0.097222
0 0.744531 0.414815 0.097396 0.133333
0 0.649740 0.532870 0.103646 0.145370
0 0.809375 0.631481 0.102083 0.133333
0 0.900000 0.515278 0.094792 0.121296
0 0.834635 0.325926 0.090104 0.125926
0 0.969271 0.404167 0.061458 0.093519
0 0.916406 0.231944 0.081771 0.117593
0 0.885938 0.785648 0.078125 0.125000
