0 0.226302 0.889352 0.095312 0.167593
0 0.492969 0.843519 0.094271 0.150000
0 0.721094 0.953241 0.107813 0.093519
0 0.679688 0.761111 0.101042 0.153704
0 0.634375 0.554630 0.100000 0.166667
0 0.349740 0.690278 0.103646 0.163889
0 0.209896 0.568981 0.104167 0.162037
0 0.084115 0.764815 0.111979 0.168519
0 0.327865 0.378241 0.102604 0.163889
0 0.465625 0.495370 0.104167 0.159259
0 0.577865 0.308796 0.102604 0.150926
0 0.847396 0.512500 0.094792 0.162037
0 0.829167 0.310185 0.087500 0.157407
0 0.675000 0.142130 0.096875 0.145370
0 0.542969 0.051852 0.084896 0.092593
0 0.440625 0.209722 0.095833 0.152778
0 0.128646 0.343519 0.083333 0.131481
