0 0.123698 0.582870 0.097396 0.158333
0 0.091146 0.412963 0.101042 0.157407
0 0.300000 0.491204 0.109375 0.139815
0 0.262500 0.320833 0.104167 0.156481
0 0.478125 0.400463 0.109375 0.141667
0 0.430208 0.235648 0.091667 0.158333
0 0.602083 0.155093 0.090625 0.152778
0 0.648438 0.317130 0.102083 0.143519
0 0.819792 0.226852 0.104167 0.137037
0 0.758594 0.082870 0.089063 0.158333
0 0.722396 0.571296 0.068750 0.148148
0 0.800260 0.425000 0.077604 0.138889
0 0.862500 0.674537 0.098958 0.152778
0 0.949219 0.497222 0.095312 0.170370
0 0.596615 0.560185 0.100521 0.148148
0 0.521615 0.755556 0.098437 0.155556
0 0.357031 0.714815 0.100521 0.157407
0 0.270833 0.920370 0.103125 0.153704
0 0.438802 0.946759 0.102604 0.106481
0 0.368229 0.119907 0.068750 0.093519
