0 0.502604 0.850463 0.103125 0.169444
0 0.684375 0.765278 0.112500 0.165741
0 0.734635 0.950000 0.111979 0.100000
0 0.634115 0.550000 0.103646 0.161111
0 0.840104 0.502778 0.098958 0.153704
0 0.817708 0.306481 0.094792 0.168519
0 0.215625 0.581019 0.112500 0.173148
0 0.352865 0.690278 0.108854 0.137963
0 0.225781 0.905556 0.111979 0.161111
0 0.084896 0.775463 0.119792 0.173148
0 0.121094 0.356481 0.086979 0.150000
0 0.321094 0.388426 0.109896 0.175000
0 0.461979 0.498148 0.114583 0.162963
0 0.566406 0.308333 0.110937 0.155556
0 0.426563 0.205093 0.091667 0.165741
0 0.528125 0.054167 0.076042 0.099074
0 0.668750 0.133333 0.107292 0.142593
