0 0.229948 0.385185 0.099479 0.150000
0 0.354948 0.562500 0.101562 0.169444
0 0.488542 0.434259 0.104167 0.166667
0 0.484635 0.745370 0.105729 0.164815
0 0.620052 0.614815 0.105729 0.170370
0 0.618490 0.930556 0.109896 0.138889
0 0.366927 0.262037 0.096354 0.161111
0 0.752344 0.805556 0.107813 0.166667
0 0.891667 0.957870 0.103125 0.084259
0 0.864583 0.730093 0.102083 0.152778
0 0.840885 0.507407 0.095312 0.179630
0 0.983854 0.512500 0.032292 0.162037
0 0.663542 0.469444 0.083333 0.120370
0 0.279167 0.689815 0.078125 0.127778
0 0.300781 0.896296 0.102604 0.103704
0 0.461719 0.931019 0.057813 0.093519
0 0.559115 0.326852 0.073438 0.096296
