0 0.630469 0.553704 0.106771 0.162963
0 0.661458 0.772685 0.112500 0.165741
0 0.695833 0.954630 0.106250 0.090741
0 0.478646 0.837037 0.102083 0.153704
0 0.850260 0.517593 0.097396 0.161111
0 0.839323 0.321759 0.091146 0.160185
0 0.461979 0.481019 0.109375 0.147222
0 0.337240 0.665278 0.103646 0.141667
0 0.200000 0.868519 0.117708 0.151852
0 0.076823 0.728241 0.103646 0.162037
0 0.332292 0.359259 0.092708 0.151852
0 0.206771 0.536574 0.094792 0.162037
0 0.446875 0.197222 0.098958 0.174074
0 0.578125 0.315278 0.100000 0.160185
0 0.689323 0.143519 0.098437 0.164815
0 0.558333 0.054630 0.083333 0.107407
0 0.141667 0.313889 0.072917 0.120370
