0 0.529427 0.939815 0.103646 0.118519
0 0.691927 0.836111 0.101562 0.124074
0 0.432031 0.804630 0.100521 0.153704
0 0.672396 0.639352 0.104167 0.139815
0 0.861198 0.675926 0.104688 0.120370
0 0.875781 0.524074 0.098437 0.118519
0 0.694531 0.499074 0.096354 0.124074
0 0.712240 0.365741 0.090104 0.118519
0 0.888281 0.386574 0.095312 0.126852
0 0.730469 0.243056 0.079687 0.113889
0 0.892969 0.264352 0.090104 0.108333
0 0.905990 0.153241 0.070312 0.099074
0 0.744531 0.129167 0.070312 0.097222
0 0.551042 0.478241 0.072917 0.121296
0 0.438802 0.376852 0.092188 0.129630
0 0.323698 0.274537 0.089063 0.112037
0 0.451562 0.211111 0.083333 0.122222
0 0.567969 0.299074 0.079687 0.114815
0 0.583333 0.727315 0.087500 0.113889
