0 0.073698 0.711574 0.103646 0.178704
0 0.197917 0.850000 0.106250 0.159259
0 0.334375 0.668519 0.109375 0.170370
0 0.204948 0.530093 0.101562 0.162037
0 0.335677 0.353241 0.100521 0.158333
0 0.464844 0.483796 0.105729 0.160185
0 0.588281 0.311111 0.100521 0.150000
0 0.459896 0.194907 0.097917 0.160185
0 0.572396 0.057870 0.078125 0.113889
0 0.702083 0.148148 0.094792 0.157407
0 0.627083 0.560185 0.102083 0.164815
0 0.470052 0.830556 0.100521 0.153704
0 0.657292 0.770833 0.104167 0.169444
0 0.679948 0.960648 0.100521 0.078704
0 0.855990 0.538889 0.096354 0.153704
0 0.851042 0.334259 0.098958 0.159259
0 0.152604 0.306944 0.077083 0.137963
