0 0.562240 0.871759 0.102604 0.147222
0 0.730469 0.925463 0.107813 0.134259
0 0.815625 0.756481 0.102083 0.138889
0 0.649219 0.692130 0.101562 0.154630
0 0.803385 0.570370 0.108854 0.127778
0 0.958854 0.501852 0.082292 0.133333
0 0.884375 0.381019 0.097917 0.128704
0 0.720313 0.449537 0.104167 0.119444
0 0.553385 0.498148 0.100521 0.112963
0 0.376042 0.468519 0.114583 0.118519
0 0.210938 0.437500 0.094792 0.115741
0 0.270313 0.325926 0.096875 0.124074
0 0.434635 0.351852 0.095312 0.131481
0 0.573958 0.215741 0.093750 0.118519
0 0.646875 0.324074 0.097917 0.120370
0 0.806771 0.263889 0.104167 0.127778
0 0.731771 0.159722 0.096875 0.132407
0 0.658594 0.071759 0.090104 0.126852
0 0.508333 0.108796 0.083333 0.123148
