0 0.709115 0.883333 0.104688 0.125926
0 0.841927 0.961111 0.025521 0.072222
0 0.886198 0.828704 0.059896 0.120370
0 0.975781 0.614352 0.048438 0.126852
0 0.842448 0.655093 0.107813 0.123148
0 0.681250 0.709722 0.108333 0.137963
0 0.508854 0.747685 0.105208 0.136111
0 0.420052 0.574074 0.109896 0.150000
0 0.588542 0.535185 0.103125 0.155556
0 0.752083 0.497685 0.096875 0.145370
0 0.900521 0.458796 0.106250 0.132407
0 0.268750 0.718056 0.102083 0.136111
0 0.321354 0.572222 0.051042 0.118519
0 0.595833 0.412500 0.069792 0.054630
0 0.635677 0.315741 0.091146 0.138889
0 0.664323 0.187963 0.081771 0.140741
0 0.822135 0.255556 0.082812 0.127778
0 0.801302 0.351852 0.085938 0.055556
