0 0.448177 0.727315 0.105729 0.145370
0 0.632812 0.714352 0.107292 0.143519
0 0.809635 0.693056 0.111979 0.136111
0 0.965365 0.675926 0.069271 0.138889
0 0.912760 0.513426 0.099479 0.149074
0 0.745052 0.519907 0.100521 0.158333
0 0.571615 0.533333 0.100521 0.166667
0 0.671615 0.319444 0.095312 0.138889
0 0.730469 0.203704 0.086979 0.159259
0 0.883333 0.292130 0.096875 0.130556
0 0.833594 0.387500 0.090104 0.060185
0 0.842708 0.870370 0.093750 0.109259
0 0.653385 0.904630 0.102604 0.116667
0 0.973698 0.930093 0.052604 0.139815
0 0.248438 0.657407 0.104167 0.138889
0 0.393750 0.540741 0.093750 0.142593
