0 0.236979 0.802778 0.079167 0.105556
0 0.166146 0.944444 0.098958 0.111111
0 0.242448 0.608796 0.065104 0.126852
0 0.331250 0.488889 0.102083 0.164815
0 0.244531 0.292593 0.092188 0.146296
0 0.399740 0.206944 0.095312 0.162037
0 0.490365 0.402778 0.104688 0.159259
0 0.582812 0.608333 0.102083 0.170370
0 0.678125 0.829167 0.108333 0.176852
0 0.516927 0.914815 0.095312 0.150000
0 0.420833 0.690741 0.100000 0.164815
0 0.813021 0.780556 0.098958 0.155556
0 0.671875 0.485185 0.080208 0.148148
0 0.842448 0.561111 0.102604 0.177778
0 0.987500 0.600926 0.025000 0.135185
0 0.980208 0.843056 0.039583 0.137963
0 0.616146 0.331019 0.068750 0.087963
