0 0.466667 0.798148 0.102083 0.170370
0 0.646615 0.866204 0.096354 0.163889
0 0.781510 0.706481 0.106771 0.172222
0 0.913281 0.867593 0.111979 0.161111
0 0.657552 0.535185 0.081771 0.159259
0 0.767448 0.400926 0.085938 0.133333
0 0.680729 0.232870 0.061458 0.121296
0 0.546094 0.134259 0.094271 0.148148
0 0.525000 0.337037 0.105208 0.148148
0 0.055729 0.602315 0.103125 0.139815
0 0.188542 0.525463 0.042708 0.117593
0 0.130729 0.770370 0.091667 0.133333
0 0.237760 0.963889 0.098437 0.072222
0 0.281250 0.759722 0.106250 0.176852
0 0.316146 0.525463 0.104167 0.160185
0 0.498958 0.553241 0.100000 0.152778
0 0.350521 0.306019 0.097917 0.163889
0 0.378125 0.109259 0.088542 0.150000
