0 0.269531 0.566667 0.102604 0.148148
0 0.331250 0.389352 0.095833 0.169444
0 0.451823 0.668056 0.102604 0.147222
0 0.639323 0.764352 0.094271 0.150926
0 0.818490 0.885185 0.111979 0.164815
0 0.869271 0.697222 0.109375 0.170370
0 0.686719 0.595833 0.104688 0.171296
0 0.509375 0.489815 0.100000 0.175926
0 0.890885 0.570833 0.097396 0.093519
0 0.927083 0.331019 0.082292 0.162037
0 0.786979 0.399074 0.096875 0.150000
0 0.647135 0.427778 0.081771 0.077778
0 0.413021 0.842593 0.087500 0.138889
0 0.638281 0.949074 0.086979 0.092593
