0 0.290365 0.762500 0.108854 0.126852
0 0.334635 0.612037 0.078646 0.140741
0 0.453906 0.601389 0.101562 0.158333
0 0.568229 0.759259 0.098958 0.138889
0 0.722135 0.689352 0.104688 0.137963
0 0.764844 0.865741 0.103646 0.131481
0 0.910937 0.784259 0.054167 0.105556
0 0.866146 0.622222 0.105208 0.133333
0 0.605729 0.540741 0.104167 0.151852
0 0.752344 0.478241 0.102604 0.156481
0 0.892448 0.413889 0.094271 0.129630
0 0.976823 0.555093 0.046354 0.112037
0 0.604688 0.313426 0.093750 0.136111
0 0.609375 0.176389 0.086458 0.130556
0 0.773438 0.228241 0.089583 0.125000
0 0.770833 0.334722 0.084375 0.073148
