0 0.588542 0.303241 0.097917 0.134259
0 0.624740 0.549537 0.095312 0.143519
0 0.643229 0.770370 0.100000 0.166667
0 0.659896 0.956481 0.104167 0.087037
0 0.458073 0.818519 0.102604 0.144444
0 0.325781 0.649537 0.107813 0.158333
0 0.204427 0.508796 0.098437 0.158333
0 0.338542 0.342593 0.097917 0.168519
0 0.461979 0.474074 0.103125 0.142593
0 0.463281 0.179630 0.092188 0.157407
0 0.587760 0.052315 0.080729 0.102778
0 0.710156 0.146759 0.093229 0.143519
0 0.862760 0.338889 0.098437 0.148148
0 0.856250 0.535185 0.098958 0.155556
0 0.166927 0.287963 0.086979 0.148148
0 0.186198 0.831019 0.110937 0.160185
0 0.062500 0.683796 0.105208 0.163889
