0 0.973437 0.899074 0.053125 0.177778
0 0.820052 0.754630 0.102604 0.175926
0 0.887500 0.638426 0.090625 0.110185
0 0.812500 0.443981 0.107292 0.175000
0 0.967969 0.406019 0.064062 0.150926
0 0.656510 0.438426 0.079687 0.095370
0 0.660937 0.605093 0.104167 0.162037
0 0.736458 0.910648 0.104167 0.152778
0 0.566406 0.770370 0.105729 0.166667
0 0.398958 0.623148 0.102083 0.162963
0 0.495312 0.465741 0.107292 0.162963
0 0.340885 0.326389 0.097396 0.163889
0 0.241667 0.484722 0.101042 0.145370
0 0.346615 0.781019 0.095312 0.125000
0 0.388542 0.963426 0.102083 0.073148
0 0.558594 0.948611 0.076563 0.102778
