0 0.331510 0.827778 0.103646 0.129630
0 0.506510 0.840741 0.058854 0.114815
0 0.346354 0.660648 0.101042 0.141667
0 0.502083 0.623611 0.098958 0.145370
0 0.642969 0.765741 0.101562 0.125926
0 0.631250 0.538889 0.100000 0.148148
0 0.773177 0.667593 0.106771 0.137037
0 0.889323 0.563889 0.109896 0.125926
0 0.748958 0.447222 0.100000 0.135185
0 0.561979 0.313426 0.086458 0.136111
0 0.726562 0.315741 0.081250 0.090741
0 0.702344 0.200000 0.078646 0.112963
0 0.538802 0.175000 0.080729 0.120370
0 0.822396 0.823148 0.095833 0.125926
0 0.867969 0.368056 0.085938 0.132407
0 0.962760 0.288426 0.074479 0.125000
0 0.978125 0.474537 0.043750 0.108333
