0 0.274740 0.735185 0.103646 0.129630
0 0.329427 0.588426 0.067187 0.139815
0 0.432031 0.585185 0.106771 0.151852
0 0.529427 0.758333 0.108854 0.129630
0 0.597656 0.534259 0.102604 0.144444
0 0.697396 0.705093 0.106250 0.130556
0 0.750781 0.490741 0.104688 0.148148
0 0.854688 0.645833 0.101042 0.126852
0 0.902865 0.441204 0.094271 0.130556
0 0.976823 0.588426 0.046354 0.110185
0 0.623698 0.313889 0.093229 0.144444
0 0.647135 0.183333 0.089063 0.144444
0 0.804948 0.247685 0.095312 0.126852
0 0.591146 0.408333 0.068750 0.048148
0 0.732031 0.875926 0.101562 0.122222
0 0.894010 0.808796 0.065104 0.115741
