0 0.208333 0.210648 0.089583 0.152778
0 0.167448 0.375463 0.091146 0.123148
0 0.172917 0.734259 0.100000 0.162963
0 0.276042 0.832870 0.103125 0.130556
0 0.321354 0.584259 0.103125 0.150000
0 0.430208 0.691667 0.106250 0.151852
0 0.576042 0.546759 0.101042 0.147222
0 0.463021 0.495833 0.075000 0.049074
0 0.514844 0.348611 0.099479 0.130556
0 0.545573 0.191204 0.086979 0.158333
0 0.376302 0.207407 0.086979 0.148148
0 0.343750 0.366667 0.096875 0.138889
0 0.690885 0.348611 0.101562 0.149074
0 0.717708 0.176389 0.098958 0.145370
0 0.892708 0.182407 0.085417 0.161111
0 0.876042 0.335648 0.093750 0.141667
0 0.951302 0.666204 0.097396 0.167593
0 0.862760 0.515278 0.101562 0.128704
0 0.717448 0.620833 0.088021 0.137963
0 0.806510 0.782870 0.111979 0.178704
0 0.593750 0.068981 0.081250 0.093519
