0 0.190104 0.619907 0.107292 0.115741
0 0.176302 0.481944 0.088021 0.130556
0 0.355208 0.433796 0.087500 0.132407
0 0.372135 0.575000 0.113021 0.118519
0 0.558594 0.522685 0.102604 0.119444
0 0.687240 0.866667 0.105729 0.157407
0 0.874740 0.854167 0.116146 0.169444
0 0.870833 0.658796 0.097917 0.147222
0 0.689844 0.668519 0.100521 0.153704
0 0.868490 0.479167 0.104688 0.132407
0 0.721615 0.400000 0.102604 0.129630
0 0.965104 0.344907 0.069792 0.132407
0 0.835156 0.270833 0.096354 0.136111
0 0.697917 0.203704 0.089583 0.138889
0 0.585677 0.326852 0.096354 0.127778
0 0.453125 0.254167 0.085417 0.106481
0 0.565365 0.143519 0.092188 0.148148
0 0.443490 0.082870 0.091146 0.137963
0 0.326823 0.194907 0.077604 0.117593
0 0.854427 0.143056 0.084896 0.106481
