0 0.254167 0.666667 0.098958 0.137037
0 0.395833 0.544907 0.100000 0.152778
0 0.456771 0.736111 0.109375 0.137037
0 0.573958 0.533333 0.103125 0.157407
0 0.642448 0.713889 0.109896 0.137037
0 0.746875 0.514815 0.102083 0.150000
0 0.817187 0.686111 0.109375 0.127778
0 0.911458 0.501852 0.102083 0.148148
0 0.968490 0.667593 0.063021 0.129630
0 0.661458 0.890278 0.101042 0.112037
0 0.845833 0.860648 0.088542 0.121296
0 0.780990 0.976389 0.044271 0.047222
0 0.976302 0.921296 0.047396 0.146296
0 0.663542 0.318981 0.093750 0.143519
0 0.714844 0.208333 0.095312 0.175926
0 0.872917 0.288426 0.093750 0.139815
0 0.831771 0.378241 0.097917 0.067593
0 0.607031 0.405556 0.084896 0.051852
