0 0.058594 0.530556 0.092188 0.150000
0 0.111719 0.705093 0.084896 0.134259
0 0.251563 0.712037 0.098958 0.172222
0 0.183594 0.930093 0.100521 0.139815
0 0.362500 0.967130 0.098958 0.065741
0 0.427604 0.775926 0.106250 0.161111
0 0.485417 0.540278 0.098958 0.152778
0 0.311719 0.483796 0.096354 0.163889
0 0.368490 0.275000 0.093229 0.153704
0 0.539062 0.330556 0.106250 0.153704
0 0.584375 0.132870 0.092708 0.150926
0 0.420573 0.082870 0.093229 0.152778
0 0.648177 0.540741 0.096354 0.161111
0 0.604167 0.872222 0.101042 0.153704
0 0.754687 0.726852 0.104167 0.168519
0 0.869792 0.913889 0.113542 0.172222
0 0.795573 0.426389 0.094271 0.147222
0 0.722656 0.242130 0.073438 0.128704
